0 0.41598306894302367 3.7746242809846913 0.12102863788604737 0.12959538277863078
0 0.384765625 3.1427745664739883 0.17734375 0.24393063583815028
0 0.153125 3.286127167630058 0.15 0.19537572254335261
0 0.133984375 3.9901734104046245 0.23203125 0.35953757225433525
0 0.133984375 3.9901734104046245 0.23203125 0.35953757225433525
1 0.15313801765441895 3.0952504858116194 0.2797135353088379 0.15119461324173591
1 0.13392578363418578 3.7160597343665325 0.24128906726837157 0.15119461324173591
1 0.37248046398162843 3.784971098265896 0.03402342796325684 0.020809248554913295
2 0.384765625 3.1427745664739883 0.17734375 0.24393063583815028
2 0.153125 3.286127167630058 0.15 0.19537572254335261
2 0.133984375 3.9901734104046245 0.23203125 0.35953757225433525
2 0.305078125 3.9046242774566475 0.09453125 0.4658959537572254
