0 0.23542318344116211 1.4400963402896947 0.4489713668823242 0.04319846092621026
0 0.24345052242279053 2.1580154154342033 0.4650260448455811 0.04319846092621026
1 0.23542318344116211 1.508304432775244 0.4489713668823242 0.04319846092621026
1 0.23542318344116211 1.6373892017871658 0.4489713668823242 0.02159921282288656
1 0.23542318344116211 1.7661079009833363 0.4489713668823242 0.04319846092621026
1 0.24345052242279053 2.247822729562748 0.4650260448455811 0.08639690421220195
1 0.24345052242279053 2.3410693659258714 0.4650260448455811 0.06479769138931539
2 0.23542318344116211 1.6578419944454479 0.4536588668823242 0.4856261854226879
2 0.23520181179046631 1.5705202312138729 0.2032161235809326 0.03121387283236994
2 0.2355729103088379 1.6884393063583816 0.32114582061767577 0.03121387283236994
2 0.23564453125 1.8271676300578035 0.4119140625 0.03121387283236994
