0 0.24315755367279052 2.0574373719320134 0.46444010734558105 0.04319844328599169
0 0.24609375 2.6597495194804464 0.4703125 0.04319846092621026
1 0.2587825536727905 2.146454721792585 0.43319010734558105 0.04319846092621026
1 0.2587825536727905 2.113689788641957 0.43319010734558105 0.02159923046310513
1 0.2587825536727905 2.1892292882665734 0.43319010734558105 0.04319846092621026
1 0.2587825536727905 2.222360308873171 0.43319010734558105 0.02159923046310513
1 0.2587825536727905 2.2651348753471594 0.43319010734558105 0.02159923046310513
1 0.2587825536727905 2.2651348753471594 0.43319010734558105 0.02159923046310513
1 0.2587825536727905 2.2871001932662347 0.43319010734558105 0.02159923046310513
1 0.24315755367279052 2.359961466706557 0.46444010734558105 0.08639692185242052
1 0.24609375 2.727957611965995 0.4703125 0.04319846092621026
2 0.246484375 3.0040462427745664 0.46796875 0.4728323699421965
