0 0.23821613788604737 0.03778420156137103 0.4545572757720947 0.04319846092621026
0 0.23821613788604737 0.7441425830642612 0.4545572757720947 0.04319846092621026
0 0.23821613788604737 0.7441425830642612 0.4545572757720947 0.04319846092621026
1 0.23821613788604737 0.7441425830642612 0.4545572757720947 0.04319846092621026
1 0.3984375 0.22138728323699422 0.1265625 0.14450867052023122
1 0.3984375 0.22138728323699422 0.1265625 0.14450867052023122
1 0.3984375 0.22138728323699422 0.1265625 0.14450867052023122
1 0.23821613788604737 0.10599229404692016 0.4545572757720947 0.04319846092621026
1 0.23821613788604737 0.10599229404692016 0.4545572757720947 0.04319846092621026
1 0.23821613788604737 0.10599229404692016 0.4545572757720947 0.04319846092621026
1 0.17225260734558107 0.4462716780645999 0.3179427146911621 0.06479769138931539
1 0.1890625 0.5865221585841537 0.353125 0.02391136919142883
2 0.1890625 0.5865221585841537 0.353125 0.02391136919142883
2 0.1890625 0.5865221585841537 0.353125 0.02391136919142883
